70 0.707361 0.388522 0.470013 0.587948 0.991392
70 0.409249 0.71628 0.450589 0.500298 0.987111
70 0.330603 0.278992 0.468477 0.52987 0.982699
70 0.696082 0.108836 0.388778 0.216793 0.967179
70 0.264813 0.116579 0.464711 0.231813 0.898818
70 0.119168 0.882865 0.236958 0.232418 0.888846
70 0.035418 0.0699212 0.0697028 0.137343 0.617537
70 0.305065 0.923991 0.184855 0.151421 0.588622
70 0.947875 0.382582 0.103423 0.389572 0.516413
70 0.165137 0.116404 0.262185 0.231576 0.408555
70 0.974253 0.485321 0.0506943 0.183659 0.300593
70 0.411088 0.0301682 0.176435 0.0593329 0.254557
